1000
89 4669
2968 4329
1597 262
2407 4914
1616 2381
2224 3342
1488 3523
2154 4839
1017 1062
1079 2219
3400 4096
3295 3671
4853 1436
721 2122
4713 573
180 108
3007 803
2764 2673
471 4675
3512 1542
1885 2553
1520 1743
857 4237
3436 4498
2119 4359
2752 492
4406 4592
4452 285
2990 2919
1063 3690
4618 4004
419 3432
3342 172
3779 2832
3578 4274
2466 4211
1331 1191
949 4539
1731 1557
2536 2059
2071 437
3975 3668
3887 875
2882 1589
3522 3107
716 1071
1191 611
1061 3018
376 1357
1458 4295
4961 3079
1510 972
3151 904
4803 3381
2251 2745
2065 4453
789 1869
2775 1448
4509 4583
3359 3228
1981 3087
4690 1980
2723 2504
1565 2056
1179 1033
1308 1205
1224 1710
51 3220
2275 3106
948 1514
3892 1531
1434 1196
1493 3658
4124 52
3063 4998
2621 1852
1219 4076
4600 2438
2451 621
1760 1741
3953 2012
4414 4836
1365 962
4868 1113
3692 2072
606 766
3595 3704
3928 3732
4587 2713
2498 3604
687 709
4057 4699
345 2920
4559 952
4282 2319
162 1726
2624 2243
4130 3585
1225 1121
2828 4583
3398 3191
708 3444
4363 1677
4023 1969
291 3653
462 2699
529 3192
1070 4044
1385 2135
1685 1760
204 4107
215 837
954 3889
3902 1863
2386 2093
3328 680
2045 3034
4058 17
4121 1188
4355 3352
2946 1146
4691 2390
3450 3203
2698 4586
1320 116
557 4631
1863 4339
1811 3672
3973 1611
189 1212
676 100
4580 3001
4998 3742
3021 1161
3985 3346
4415 2235
1234 2765
3685 4520
2373 3154
3319 4492
2787 907
2403 1444
3812 252
601 3682
156 1332
700 321
4522 1664
36 1903
899 2342
4120 1943
3846 3267
2008 576
208 4185
2793 2718
1575 1353
1786 1115
148 4129
1644 2553
2298 1713
4886 3614
99 4152
973 4445
633 918
3787 1797
4353 3438
1703 4968
4796 4179
1842 1498
4640 4907
3626 2148
4620 3707
3831 1332
3296 2169
4170 3043
3946 256
2182 4210
5 1692
4254 1954
4644 1914
3270 3831
3597 4259
3870 656
3608 3405
3769 2005
526 4150
508 157
3175 4054
650 3316
2356 2127
691 2965
4451 1180
4717 3898
3016 1043
787 1229
3560 4784
3649 1593
1745 1056
578 1890
4718 4887
3569 3982
1567 3086
4299 3446
2588 2764
3598 4261
930 1376
1683 972
407 2289
2718 1336
1295 4802
2694 4161
2624 3668
3280 1127
3443 4346
2246 1339
1025 3987
1213 1631
1501 4952
3788 3427
1993 3699
3584 4285
2144 3687
2124 1532
1546 1642
2574 4778
1366 4892
4509 523
2761 2546
3431 3694
1565 2796
1486 1663
1662 3303
3306 3558
3717 679
2698 1344
2111 4309
3868 2367
4984 49
4068 3369
3017 4644
1433 1162
2097 2285
763 2063
151 670
3673 4600
2437 1770
4799 281
1000 3589
1372 1694
1308 1872
1841 3752
1244 2735
798 1831
736 1273
4527 3118
3463 556
323 2030
4452 2810
45 4352
3541 772
2067 3835
4749 2409
1036 2566
2204 690
543 3642
4268 3486
1606 3703
2068 3589
1065 4226
2954 2180
247 336
2209 2524
1008 1873
2666 3854
301 1475
3823 3351
3185 1418
1051 772
1313 4873
2149 3811
4630 4856
4571 2373
404 4179
2554 1547
2435 3554
4700 1220
4162 2722
1835 1097
291 3711
3953 806
609 3060
2162 2797
4575 4145
3473 4408
1378 3832
760 3562
3894 300
547 1474
2919 1686
1891 1869
4102 1741
4848 4792
3315 3513
2152 4367
4665 3181
4092 741
413 4150
4034 1344
1600 2460
2437 2096
3388 1821
4544 948
4067 1352
2794 1352
2275 4404
802 4135
934 2966
4772 225
1166 4625
4572 3074
2686 3237
4383 3143
1299 2830
3298 3109
185 3720
1354 2368
954 1004
1842 1813
3201 3962
2626 1308
2693 4147
2404 1149
3417 2065
3283 4822
2728 4261
2748 3158
3638 333
3135 1929
713 1224
4758 17
2934 3823
2139 1685
768 2610
2553 592
3828 2572
1521 1073
4304 1917
4349 115
4993 3154
3704 4912
1780 1498
3732 159
4460 3375
4326 4502
498 1415
4052 1982
2339 1055
3078 2610
2627 171
650 1827
1999 2060
2289 1676
1288 2822
968 4388
1468 4077
3265 1909
1454 52
4999 528
2837 2681
2697 4003
3731 280
2501 1569
2236 1531
4662 3532
622 2195
1168 3961
1639 1389
3000 3647
1098 404
1705 3982
2396 2022
2857 1496
2715 4838
4570 3031
29 206
1420 3459
2734 4239
4175 733
3236 503
1023 3382
3957 149
2152 1973
3608 3923
337 2641
3481 3553
493 2459
4533 4018
4116 1694
4445 1773
1176 1646
3384 1275
4435 555
3625 4679
2502 3392
1000 1623
821 4252
3932 3990
4318 4597
2654 2571
3000 499
3297 4609
471 4880
2685 76
4574 1770
1026 3197
2934 2083
3722 418
426 1877
1503 4245
2733 1429
652 2471
355 1307
3920 3945
2965 235
4613 1175
2784 1035
2190 1938
597 2137
846 144
1482 1785
3150 1001
247 2088
510 4249
2814 1560
1765 1093
321 4232
4980 3988
3023 1406
1196 3083
1665 708
144 3981
3815 3557
1349 30
296 2690
4397 4242
3302 406
3139 1326
2088 2794
3673 610
3681 213
1654 3474
2438 3020
3371 760
588 2802
3244 4656
495 4644
476 4864
400 3396
1769 3145
3310 3935
1110 4646
677 3637
3919 1424
2044 3197
615 2595
2776 4611
510 4713
3518 3831
887 1977
2150 306
1861 3060
1451 1399
221 172
1151 4652
1958 4184
4987 1380
4685 2072
1147 4651
1949 3754
1392 4853
1100 63
984 1435
2681 2438
3136 4219
4826 2290
2097 3291
658 922
1648 977
3958 2685
912 882
848 3983
650 4213
1157 1613
924 4939
4346 1993
1400 2950
1940 4266
3739 4763
4132 500
3302 3213
2376 2119
473 3751
4679 622
1411 2182
2597 943
3950 3537
2740 4490
536 1510
1484 4151
1756 1162
1729 1697
487 2060
1426 2809
1342 1390
4290 2576
1212 521
351 4500
2202 3149
1400 3830
2847 10
4444 3878
3479 4573
1509 884
4448 1186
4700 2940
1871 4667
4438 1525
4137 3266
3443 2582
2734 297
4015 4677
3847 2099
465 2446
4136 3366
1674 3708
2905 3976
1592 3927
1214 51
4144 1762
2167 1759
4961 2415
2697 3874
2997 346
2499 4622
4563 3983
2517 4959
567 696
1123 4439
2652 15
2567 2801
704 957
4620 1094
3589 2741
4079 2087
1247 4207
1152 623
1049 412
1551 2700
186 3267
1145 4867
4062 807
3873 2093
3695 1453
363 3177
4858 2141
3716 2919
726 3876
4197 3966
4662 1323
1894 4371
3224 449
128 960
3806 1680
1987 364
4658 1126
4518 3588
2327 1962
4996 3654
1018 16
2155 3813
4935 3163
1697 4134
4664 2798
3983 294
1472 2232
1799 2934
1670 3993
2130 2860
101 4381
530 1295
216 4436
4838 2350
3003 1972
3316 3510
4941 4988
232 1879
369 2637
1227 665
955 1247
1815 2904
2528 2141
4886 2353
4150 182
4915 4152
2962 601
2824 2896
1641 4452
1806 910
1894 4649
1476 482
2506 1422
438 218
1442 4167
510 2013
10 1874
312 4025
4071 4719
3344 202
2291 2442
1646 4784
3233 3487
345 4227
1175 2200
3298 878
2180 2445
3263 1589
967 4289
4664 180
4135 4493
750 3957
3889 4124
655 3197
340 2923
4807 4901
2449 2962
2592 3736
4573 4210
3298 3493
208 3405
1861 3403
984 733
4547 4779
3871 2282
635 47
1868 1140
2072 1982
445 1801
1848 1720
1234 2411
1152 2612
2396 545
341 1380
2404 697
4069 2793
264 4095
1668 4833
1440 60
2802 4161
2047 3357
3546 2257
621 3967
374 4763
4321 2644
2166 3446
3820 1813
159 2429
4632 4644
488 3296
2008 3461
1055 3980
4185 3313
1802 44
3142 94
4354 1603
2401 4942
3018 3388
1013 3393
1285 896
1481 3754
3389 1699
31 3572
1488 2612
3018 3335
1381 71
4230 3907
3325 1777
3393 3535
1764 511
4711 1671
4262 4764
2435 608
3382 1053
2537 360
4234 1634
4242 3743
330 2947
358 4348
528 1876
4677 4358
3393 4095
3977 4992
4425 1117
2627 4007
1549 3288
4206 4995
2162 2976
809 56
99 3688
4621 4720
503 3748
2126 2774
1385 1602
2799 185
737 2553
2926 2396
360 2202
4967 1510
681 4570
4948 3947
1650 3778
4761 4054
3050 91
2269 4081
3564 4817
3085 771
2634 1515
2283 812
325 2107
628 2456
4680 280
4120 4294
2029 1262
4978 2627
1207 4815
2334 288
4390 4008
1306 4613
1185 3162
3637 152
2822 4812
725 1766
637 4234
3429 3757
1283 1084
3131 1939
850 2316
1471 1583
29 557
2351 3874
4840 2725
3711 3265
2070 520
2518 1938
3125 2273
4964 2153
3837 900
48 1966
1318 3941
830 1844
918 3775
2861 3016
4177 1450
2655 4468
2419 4812
1641 3839
3785 4563
4642 3835
1038 580
1153 347
2929 4443
1471 3847
1316 3063
2435 4550
3999 1641
4692 1878
2963 3129
3977 3418
4226 1365
2756 4065
1075 3607
2814 4919
1749 3842
2156 4482
1497 1129
1358 3835
2849 4500
3232 2863
95 1952
802 3306
710 2505
522 3079
4413 478
3578 445
4650 3002
1819 4337
1587 4010
3648 4420
3927 4592
2056 3610
667 643
1675 1230
1193 4209
645 1637
1963 4586
4225 302
885 2298
3845 1762
857 1274
1819 3557
2747 1843
4903 3513
4220 3913
2444 3532
125 1592
4602 622
3441 4134
4602 2433
3909 1885
66 3748
3268 1002
2291 1390
3362 1287
3247 452
2226 4873
4097 319
699 2679
2413 2621
1053 3864
958 3658
1481 4295
4974 3642
2743 3366
4968 2414
4697 3508
2801 1529
4037 157
597 3102
592 2340
1830 2432
4853 983
3352 3717
12 3399
2800 2968
4576 2843
4674 1026
337 3544
3865 2516
3328 2503
4865 363
2769 4859
2520 3400
50 837
3267 1563
2314 3550
1582 1827
2189 3272
1739 1485
3180 2217
4596 3447
3001 773
1139 832
1000 216
1094 3502
4345 4381
216 2403
3449 1373
2362 716
1832 1295
3785 1311
3878 2872
209 1953
4943 2752
2016 2610
4902 3921
3245 4614
4213 4852
1174 3968
1354 3954
2057 2900
1277 3155
138 3770
3181 4559
468 2178
2259 4551
4331 3976
3479 2295
493 2030
414 2506
457 3272
2277 3602
2543 3408
4655 34
1127 1678
906 1530
2606 1020
3408 2575
3467 4308
4546 3836
208 2622
830 401
4244 1321
4049 2670
1557 1501
3951 3012
2323 2547
3751 1720
2359 2354
108 3621
3666 2519
3198 3413
2298 72
3504 4683
4023 3141
2162 1288
2076 2075
1686 1745
641 2326
415 777
3606 2435
2718 280
1969 2663
2431 2992
1368 4528
1272 3719
3139 358
3297 1030
1480 2820
2878 4149
618 721
4418 1432
1091 2566
1118 2338
3286 1812
2999 165
1058 1291
3062 412
2801 1193
3976 3501
1071 3821
1774 1269
4877 2383
4783 3465
1748 4750
577 1799
1871 461
3918 2952
2218 2771
4923 3202
4599 4037
3540 3941
3487 530
1011 4266
4165 1036
1824 2859
2654 2734
986 1355
1493 3686
2636 259
2539 4280
3883 4878
4827 3684
515 450
76 821
4560 1932
1343 2031
1418 3918
1024 2420
962 4487
4850 4635
3074 1071
1235 3830
1025 2261
1639 2671
76 2544
144 966
4696 822
546 513
763 3172
3829 4673
858 3371
2268 2173
3485 2651
2034 3093
199 4815
4060 4508
1434 1796
2793 1707
3687 1927
3055 4926
3731 435
3807 934
4949 4107
3624 2730
3611 90
1777 506
2749 4540
3368 1930
4361 1833
2552 1912
1605 2822
4807 1370